
#System	 
0	 1	 2	 3	 	 Average	 Variance	 
0	 1	 2	 3	 	 Average f	 Variance f
    Simulation Times	 2.7026e+08	 2.6855e+08	 2.6573e+08	 2.6642e+08	 
              System	 5.0009e-01	 5.0192e-01	 4.9814e-01	 4.9515e-01	 4.9882e-01	 2.5158e-05	 7.5356e-05	 7.5084e-05	 7.5436e-05	 7.5354e-05	 7.5308e-05	 7.0981e-14	 
          Component1	 5.0308e-01	 4.9728e-01	 5.0227e-01	 4.9737e-01	 5.0000e-01	 2.8913e-05	 4.9763e-05	 5.0326e-05	 5.0182e-05	 5.0161e-05	 5.0108e-05	 1.7476e-13	 
          Component2	 5.0039e-01	 5.0306e-01	 4.9803e-01	 4.9907e-01	 5.0014e-01	 1.4174e-05	 5.0233e-05	 4.9752e-05	 4.9952e-05	 5.0041e-05	 4.9994e-05	 1.1939e-13	 
          Component3	 4.9963e-01	 4.9990e-01	 4.9822e-01	 4.9490e-01	 4.9816e-01	 1.5832e-05	 4.9896e-05	 4.9819e-05	 5.0430e-05	 4.9650e-05	 4.9949e-05	 3.4051e-13	 
              Result	 0.0000e+00	 0.0000e+00	 0.0000e+00	 0.0000e+00	 0.0000e+00	 0.0000e+00	 0.0000e+00	 0.0000e+00	 0.0000e+00	 0.0000e+00	 0.0000e+00	 0.0000e+00	 
            2by3Vote	 0.0000e+00	 0.0000e+00	 0.0000e+00	 0.0000e+00	 0.0000e+00	 0.0000e+00	 0.0000e+00	 0.0000e+00	 0.0000e+00	 0.0000e+00	 0.0000e+00	 0.0000e+00	 