
#System	 
0	 1	 	 Average	 Variance	 
0	 1	 	 Average f	 Variance f
    Simulation Times	 1.0398e+09	 1.0415e+09	 
              System	 7.3490e-06	 7.1232e-06	 7.2361e-06	 2.5480e-14	 1.7887e-07	 1.9010e-07	 1.8449e-07	 6.3075e-17	 
         Manual_Test	 0.0000e+00	 0.0000e+00	 0.0000e+00	 0.0000e+00	 0.0000e+00	 0.0000e+00	 0.0000e+00	 0.0000e+00	 
                  PS	 0.0000e+00	 0.0000e+00	 0.0000e+00	 0.0000e+00	 0.0000e+00	 0.0000e+00	 0.0000e+00	 0.0000e+00	 
        Thermo_CSAM1	 1.5779e-04	 1.6542e-04	 1.6161e-04	 2.9097e-11	 1.5483e-06	 1.6389e-06	 1.5936e-06	 4.1063e-15	 
        Thermo_CSAM2	 1.7318e-04	 1.6840e-04	 1.7079e-04	 1.1409e-11	 1.6983e-06	 1.6610e-06	 1.6797e-06	 6.9625e-16	 
        Thermo_CSAM3	 1.7741e-04	 1.7409e-04	 1.7575e-04	 5.5063e-12	 1.7233e-06	 1.7522e-06	 1.7378e-06	 4.1737e-16	 
        ASP_TC_CSAM1	 1.1975e-03	 1.1972e-03	 1.1973e-03	 2.7735e-14	 2.9998e-04	 2.9969e-04	 2.9983e-04	 4.2097e-14	 
        ASP_TC_CSAM2	 1.2583e-03	 1.2562e-03	 1.2572e-03	 2.1186e-12	 3.1527e-04	 3.1436e-04	 3.1481e-04	 4.1163e-13	 
        ASP_TC_CSAM3	 1.2599e-03	 1.2613e-03	 1.2606e-03	 1.0604e-12	 3.1535e-04	 3.1470e-04	 3.1503e-04	 2.0886e-13	 
 Comparator_TC_CSAM1	 3.1644e-04	 3.1911e-04	 3.1778e-04	 3.5729e-12	 1.9878e-05	 1.9953e-05	 1.9916e-05	 2.8371e-15	 
 Comparator_TC_CSAM2	 3.3441e-04	 3.3498e-04	 3.3469e-04	 1.6102e-13	 2.0921e-05	 2.0950e-05	 2.0936e-05	 4.0643e-16	 
 Comparator_TC_CSAM3	 3.3717e-04	 3.4195e-04	 3.3956e-04	 1.1422e-11	 2.1079e-05	 2.1321e-05	 2.1200e-05	 2.9370e-14	 
   DIAGNOSTIC_TESTER	 0.0000e+00	 0.0000e+00	 0.0000e+00	 0.0000e+00	 0.0000e+00	 0.0000e+00	 0.0000e+00	 0.0000e+00	 
 PCSL_CSAM_RPS2_SDS2	 3.5422e-07	 4.0058e-07	 3.7740e-07	 1.0748e-15	 1.0386e-07	 9.7933e-08	 1.0090e-07	 1.7577e-17	 
#System	 
0	 1	 2	 3	 	 Average	 Variance	 
0	 1	 2	 3	 	 Average f	 Variance f
    Simulation Times	 1.0430e+09	 1.0407e+09	 1.0408e+09	 1.0409e+09	 
              System	 7.9219e-06	 7.1330e-06	 8.4978e-06	 6.7213e-06	 7.5685e-06	 1.8958e-12	 1.9175e-07	 1.8161e-07	 1.7198e-07	 1.7388e-07	 1.7981e-07	 2.4233e-16	 
         Manual_Test	 0.0000e+00	 0.0000e+00	 0.0000e+00	 0.0000e+00	 0.0000e+00	 0.0000e+00	 0.0000e+00	 0.0000e+00	 0.0000e+00	 0.0000e+00	 0.0000e+00	 0.0000e+00	 
                  PS	 0.0000e+00	 0.0000e+00	 0.0000e+00	 0.0000e+00	 0.0000e+00	 0.0000e+00	 0.0000e+00	 0.0000e+00	 0.0000e+00	 0.0000e+00	 0.0000e+00	 0.0000e+00	 
        Thermo_CSAM1	 1.5793e-04	 1.5650e-04	 1.6184e-04	 1.6004e-04	 1.5908e-04	 1.6520e-11	 1.5800e-06	 1.5528e-06	 1.6131e-06	 1.6072e-06	 1.5883e-06	 2.2999e-15	 
        Thermo_CSAM2	 1.6769e-04	 1.6757e-04	 1.6233e-04	 1.6397e-04	 1.6539e-04	 2.1448e-11	 1.6836e-06	 1.6941e-06	 1.6016e-06	 1.6014e-06	 1.6452e-06	 7.6788e-15	 
        Thermo_CSAM3	 1.7676e-04	 1.6819e-04	 1.6454e-04	 1.6729e-04	 1.6920e-04	 8.3514e-11	 1.7143e-06	 1.7095e-06	 1.6429e-06	 1.7090e-06	 1.6939e-06	 3.4847e-15	 
        ASP_TC_CSAM1	 1.1938e-03	 1.1962e-03	 1.2004e-03	 1.1982e-03	 1.1971e-03	 2.3952e-11	 2.9893e-04	 2.9988e-04	 2.9975e-04	 2.9973e-04	 2.9957e-04	 5.5854e-13	 
        ASP_TC_CSAM2	 1.2576e-03	 1.2612e-03	 1.2597e-03	 1.2580e-03	 1.2591e-03	 8.1087e-12	 3.1423e-04	 3.1503e-04	 3.1523e-04	 3.1559e-04	 3.1502e-04	 9.8708e-13	 
        ASP_TC_CSAM3	 1.2594e-03	 1.2593e-03	 1.2616e-03	 1.2587e-03	 1.2597e-03	 4.9465e-12	 3.1438e-04	 3.1499e-04	 3.1491e-04	 3.1419e-04	 3.1462e-04	 4.6377e-13	 
 Comparator_TC_CSAM1	 3.2232e-04	 3.2255e-04	 3.2088e-04	 3.1931e-04	 3.2126e-04	 6.7333e-12	 2.0222e-05	 2.0071e-05	 2.0021e-05	 1.9995e-05	 2.0077e-05	 3.0926e-14	 
 Comparator_TC_CSAM2	 3.3764e-04	 3.3421e-04	 3.3435e-04	 3.3712e-04	 3.3583e-04	 9.7801e-12	 2.1230e-05	 2.0936e-05	 2.0904e-05	 2.1052e-05	 2.1030e-05	 6.5305e-14	 
 Comparator_TC_CSAM3	 3.3648e-04	 3.3584e-04	 3.3429e-04	 3.3600e-04	 3.3565e-04	 2.7014e-12	 2.0919e-05	 2.1059e-05	 2.0876e-05	 2.1086e-05	 2.0985e-05	 3.1996e-14	 
   DIAGNOSTIC_TESTER	 0.0000e+00	 0.0000e+00	 0.0000e+00	 0.0000e+00	 0.0000e+00	 0.0000e+00	 0.0000e+00	 0.0000e+00	 0.0000e+00	 0.0000e+00	 0.0000e+00	 0.0000e+00	 
 PCSL_CSAM_RPS2_SDS2	 3.9458e-07	 3.4713e-07	 3.3206e-07	 3.5181e-07	 3.5639e-07	 2.1572e-15	 1.0834e-07	 9.8014e-08	 8.2627e-08	 9.2225e-08	 9.5301e-08	 3.4747e-16	 