
#System	 
0	 1	 2	 3	 	 Average	 Variance	 
0	 1	 2	 3	 	 Average f	 Variance f
    Simulation Times	 1.0414e+09	 1.0399e+09	 1.0401e+09	 1.0427e+09	 
              System	 8.0214e-05	 7.8428e-05	 8.1341e-05	 8.0058e-05	 8.0010e-05	 4.3160e-12	 1.9233e-05	 1.9313e-05	 1.9282e-05	 1.9314e-05	 1.9285e-05	 4.3387e-15	 
         Manual_Test	 0.0000e+00	 0.0000e+00	 0.0000e+00	 0.0000e+00	 0.0000e+00	 0.0000e+00	 0.0000e+00	 0.0000e+00	 0.0000e+00	 0.0000e+00	 0.0000e+00	 0.0000e+00	 
                  PS	 0.0000e+00	 0.0000e+00	 0.0000e+00	 0.0000e+00	 0.0000e+00	 0.0000e+00	 0.0000e+00	 0.0000e+00	 0.0000e+00	 0.0000e+00	 0.0000e+00	 0.0000e+00	 
        Thermo_CSAM1	 1.6040e-04	 1.5538e-04	 1.5887e-04	 1.5888e-04	 1.5838e-04	 1.3560e-11	 1.5815e-06	 1.5838e-06	 1.5864e-06	 1.5345e-06	 1.5716e-06	 1.8388e-15	 
        Thermo_CSAM2	 1.6755e-04	 1.6326e-04	 1.6872e-04	 1.6835e-04	 1.6697e-04	 1.9083e-11	 1.6717e-06	 1.6733e-06	 1.7104e-06	 1.6822e-06	 1.6844e-06	 9.6581e-16	 
        Thermo_CSAM3	 1.6190e-04	 1.6709e-04	 1.6667e-04	 1.6663e-04	 1.6557e-04	 1.8115e-11	 1.5786e-06	 1.6588e-06	 1.6470e-06	 1.6583e-06	 1.6357e-06	 4.4340e-15	 
        ASP_TC_CSAM1	 1.2035e-03	 1.1955e-03	 1.2017e-03	 1.1986e-03	 1.1998e-03	 3.7616e-11	 3.0026e-04	 3.0005e-04	 3.0056e-04	 2.9905e-04	 2.9998e-04	 1.2924e-12	 
        ASP_TC_CSAM2	 1.2560e-03	 1.2595e-03	 1.2560e-03	 1.2566e-03	 1.2570e-03	 8.3706e-12	 3.1438e-04	 3.1526e-04	 3.1437e-04	 3.1433e-04	 3.1458e-04	 6.1765e-13	 
        ASP_TC_CSAM3	 1.2594e-03	 1.2582e-03	 1.2624e-03	 1.2584e-03	 1.2596e-03	 1.1381e-11	 3.1412e-04	 3.1547e-04	 3.1523e-04	 3.1448e-04	 3.1483e-04	 1.1887e-12	 
 Comparator_TC_CSAM1	 3.2072e-04	 3.1807e-04	 3.1794e-04	 3.1691e-04	 3.1841e-04	 7.9497e-12	 2.0025e-05	 1.9920e-05	 1.9973e-05	 1.9810e-05	 1.9932e-05	 2.5401e-14	 
 Comparator_TC_CSAM2	 3.3645e-04	 3.3405e-04	 3.3713e-04	 3.3526e-04	 3.3572e-04	 5.5265e-12	 2.1038e-05	 2.0819e-05	 2.1018e-05	 2.1042e-05	 2.0979e-05	 3.4738e-14	 
 Comparator_TC_CSAM3	 3.3849e-04	 3.3473e-04	 3.3645e-04	 3.3777e-04	 3.3686e-04	 8.1716e-12	 2.1032e-05	 2.0868e-05	 2.1093e-05	 2.1125e-05	 2.1030e-05	 3.9312e-14	 
   DIAGNOSTIC_TESTER	 0.0000e+00	 0.0000e+00	 0.0000e+00	 0.0000e+00	 0.0000e+00	 0.0000e+00	 0.0000e+00	 0.0000e+00	 0.0000e+00	 0.0000e+00	 0.0000e+00	 0.0000e+00	 
 PCSL_CSAM_RPS2_SDS2	 3.9300e-07	 4.2911e-07	 4.2426e-07	 3.7310e-07	 4.0487e-07	 2.1134e-15	 1.0562e-07	 1.0963e-07	 1.0095e-07	 1.0838e-07	 1.0615e-07	 4.4356e-17	 
#System	 
0	 1	 2	 3	 	 Average	 Variance	 
0	 1	 2	 3	 	 Average f	 Variance f
    Simulation Times	 1.0468e+07	 1.0550e+07	 1.0466e+07	 1.0372e+07	 
              System	 6.7633e-05	 8.9065e-05	 8.3556e-05	 7.1947e-05	 7.8050e-05	 2.9739e-10	 1.7673e-05	 1.9052e-05	 2.0065e-05	 1.7354e-05	 1.8536e-05	 4.7452e-12	 
         Manual_Test	 0.0000e+00	 0.0000e+00	 0.0000e+00	 0.0000e+00	 0.0000e+00	 0.0000e+00	 0.0000e+00	 0.0000e+00	 0.0000e+00	 0.0000e+00	 0.0000e+00	 0.0000e+00	 
                  PS	 0.0000e+00	 0.0000e+00	 0.0000e+00	 0.0000e+00	 0.0000e+00	 0.0000e+00	 0.0000e+00	 0.0000e+00	 0.0000e+00	 0.0000e+00	 0.0000e+00	 0.0000e+00	 
        Thermo_CSAM1	 4.8621e-05	 1.7093e-04	 1.8681e-04	 2.0265e-04	 1.5225e-04	 1.4822e-08	 7.6426e-07	 1.9905e-06	 1.6243e-06	 2.0247e-06	 1.6009e-06	 1.0319e-12	 
        Thermo_CSAM2	 1.6103e-04	 1.6711e-04	 1.5818e-04	 1.4129e-04	 1.5690e-04	 3.6655e-10	 1.4330e-06	 1.8957e-06	 1.4332e-06	 1.3498e-06	 1.5279e-06	 1.8497e-13	 
        Thermo_CSAM3	 1.3455e-04	 2.1897e-04	 1.5296e-04	 2.2341e-04	 1.8247e-04	 6.1755e-09	 1.4330e-06	 1.7061e-06	 2.4843e-06	 2.0247e-06	 1.9120e-06	 6.1205e-13	 
        ASP_TC_CSAM1	 1.2203e-03	 1.1479e-03	 1.2264e-03	 1.2324e-03	 1.2068e-03	 4.6961e-09	 2.9701e-04	 2.9715e-04	 3.0834e-04	 3.0602e-04	 3.0213e-04	 1.0467e-10	 
        ASP_TC_CSAM2	 1.2573e-03	 1.2505e-03	 1.2341e-03	 1.2333e-03	 1.2438e-03	 4.3161e-10	 3.0513e-04	 3.1506e-04	 3.0796e-04	 3.0312e-04	 3.0782e-04	 8.1793e-11	 
        ASP_TC_CSAM3	 1.2839e-03	 1.1715e-03	 1.2911e-03	 1.2786e-03	 1.2563e-03	 9.6740e-09	 3.2022e-04	 3.0170e-04	 3.0757e-04	 3.2019e-04	 3.1242e-04	 2.5966e-10	 
 Comparator_TC_CSAM1	 3.2150e-04	 3.2600e-04	 3.6608e-04	 2.9820e-04	 3.2795e-04	 2.3845e-09	 1.9393e-05	 1.9810e-05	 2.2836e-05	 1.8897e-05	 2.0234e-05	 9.4468e-12	 
 Comparator_TC_CSAM2	 3.2185e-04	 3.3345e-04	 3.2776e-04	 3.5886e-04	 3.3548e-04	 7.9640e-10	 1.9680e-05	 2.0379e-05	 1.9970e-05	 2.1307e-05	 2.0334e-05	 1.5102e-12	 
 Comparator_TC_CSAM3	 3.9037e-04	 3.7663e-04	 3.5636e-04	 3.5601e-04	 3.6984e-04	 8.4037e-10	 2.3310e-05	 2.2938e-05	 2.1021e-05	 2.2175e-05	 2.2361e-05	 3.0635e-12	 
   DIAGNOSTIC_TESTER	 0.0000e+00	 0.0000e+00	 0.0000e+00	 0.0000e+00	 0.0000e+00	 0.0000e+00	 0.0000e+00	 0.0000e+00	 0.0000e+00	 0.0000e+00	 0.0000e+00	 0.0000e+00	 
 PCSL_CSAM_RPS2_SDS2	 1.8561e-07	 0.0000e+00	 0.0000e+00	 0.0000e+00	 4.6402e-08	 2.5837e-14	 9.5532e-08	 0.0000e+00	 0.0000e+00	 0.0000e+00	 2.3883e-08	 6.8448e-15	 
#System	 
0	 1	 2	 3	 	 Average	 Variance	 
0	 1	 2	 3	 	 Average f	 Variance f
    Simulation Times	 1.0345e+07	 1.0367e+07	 1.0331e+07	 1.0342e+07	 
              System	 6.5905e-05	 8.8428e-05	 9.9924e-05	 6.8413e-05	 8.0667e-05	 7.9912e-10	 1.9044e-05	 1.9389e-05	 1.9746e-05	 1.8371e-05	 1.9137e-05	 1.0294e-12	 
         Manual_Test	 0.0000e+00	 0.0000e+00	 0.0000e+00	 0.0000e+00	 0.0000e+00	 0.0000e+00	 0.0000e+00	 0.0000e+00	 0.0000e+00	 0.0000e+00	 0.0000e+00	 0.0000e+00	 
                  PS	 0.0000e+00	 0.0000e+00	 0.0000e+00	 0.0000e+00	 0.0000e+00	 0.0000e+00	 0.0000e+00	 0.0000e+00	 0.0000e+00	 0.0000e+00	 0.0000e+00	 0.0000e+00	 
        Thermo_CSAM1	 2.7725e-04	 5.5757e-05	 2.7430e-04	 1.6736e-04	 1.9367e-04	 3.3199e-08	 1.7400e-06	 1.2540e-06	 2.8070e-06	 1.6437e-06	 1.8612e-06	 1.3251e-12	 
        Thermo_CSAM2	 1.6534e-04	 7.7837e-05	 1.9044e-04	 1.5042e-04	 1.4601e-04	 7.0145e-09	 1.5467e-06	 1.1576e-06	 1.7423e-06	 1.4503e-06	 1.4742e-06	 1.7794e-13	 
        Thermo_CSAM3	 1.3510e-04	 1.8747e-04	 7.4075e-05	 1.1065e-04	 1.2682e-04	 6.7899e-09	 1.1600e-06	 1.7363e-06	 1.3551e-06	 1.1603e-06	 1.3529e-06	 2.2134e-13	 
        ASP_TC_CSAM1	 1.1525e-03	 1.2133e-03	 1.1606e-03	 1.1505e-03	 1.1692e-03	 2.6448e-09	 2.9890e-04	 3.0270e-04	 2.9231e-04	 2.9510e-04	 2.9725e-04	 6.1468e-11	 
        ASP_TC_CSAM2	 1.2498e-03	 1.3144e-03	 1.2788e-03	 1.2878e-03	 1.2827e-03	 2.1252e-09	 3.2055e-04	 3.1949e-04	 3.2067e-04	 3.1907e-04	 3.1995e-04	 1.8666e-12	 
        ASP_TC_CSAM3	 1.2683e-03	 1.2293e-03	 1.2837e-03	 1.3102e-03	 1.2729e-03	 3.4283e-09	 3.1968e-04	 3.1167e-04	 3.2232e-04	 3.2197e-04	 3.1891e-04	 7.3981e-11	 
 Comparator_TC_CSAM1	 2.9467e-04	 2.9703e-04	 3.1355e-04	 3.3617e-04	 3.1036e-04	 1.1001e-09	 1.8850e-05	 1.8810e-05	 1.8584e-05	 2.1078e-05	 1.9331e-05	 4.1129e-12	 
 Comparator_TC_CSAM2	 2.9345e-04	 3.5953e-04	 3.4339e-04	 3.3611e-04	 3.3312e-04	 2.3856e-09	 1.8077e-05	 2.1801e-05	 2.1972e-05	 2.0788e-05	 2.0659e-05	 9.7101e-12	 
 Comparator_TC_CSAM3	 3.6246e-04	 3.4601e-04	 3.5471e-04	 3.3186e-04	 3.4876e-04	 5.1622e-10	 2.2040e-05	 2.1029e-05	 2.2553e-05	 1.9628e-05	 2.1312e-05	 4.9858e-12	 
   DIAGNOSTIC_TESTER	 0.0000e+00	 0.0000e+00	 0.0000e+00	 0.0000e+00	 0.0000e+00	 0.0000e+00	 0.0000e+00	 0.0000e+00	 0.0000e+00	 0.0000e+00	 0.0000e+00	 0.0000e+00	 
 PCSL_CSAM_RPS2_SDS2	 8.7577e-07	 4.5480e-07	 7.3606e-08	 0.0000e+00	 3.5104e-07	 4.8631e-13	 1.9334e-07	 3.8585e-07	 9.6792e-08	 0.0000e+00	 1.6900e-07	 8.1392e-14	 